2147483647C
0 0
24168 1
24130 1
3314 1
4179 1
24401 1
24200 1
24025 1
23958 1
24391 1
24159 1
24067 1
4125 1
23974 1
4141 1
3370 1
4010 1
23403 1
3978 1
3975 1
3998 1
4275 1
23365 1
3991 1
3998 1
3979 1
4252 1
3984 1
23381 1
4013 1
4291 1
3974 1
23359 1
4136 1
4269 1
23365 1
3972 1
3963 1
3984 1
23403 1
3049 1
4795 1
3588 1
3512 1
3583 1
3523 1
23494 1
23498 1
4161 1
23526 1
4166 1
23525 1
5961 1
23553 1
23617 1
6050 1
23602 1
23626 1
23625 1
5531 1
6061 1
23589 1
4176 1
5599 1
23594 1
6067 1
23591 1
4936 1
22246 1
5441 1
23658 1
5306 1
5290 1
5354 1
5419 1
23674 1
5308 1
5519 1
5282 1
5492 1
5484 1
23561 1
5658 1
5876 1
3672 1
5591 1
5437 1
6023 1
5518 1
5458 1
5247 1
23560 1
5419 1
3677 1
5484 1
5471 1
5712 1
5344 1
5660 1
5212 1
5594 1
3059 1
23720 1
4172 1
